(9.848978294505049e-05, 0.3951704599287199, 0.05439193546772003, 0.08725914359092712, tensor([[0.3800, 0.0400, 0.0000, 0.5500, 0.0000, 0.0000, 0.0000, 0.0000, 0.0000, 0.0000, 0.0000, 0.0100, 0.0000, 0.0200, 0.0000],
        [0.0800, 0.6300, 0.0000, 0.2700, 0.0000, 0.0000, 0.0000, 0.0000, 0.0000, 0.0000, 0.0000, 0.0200, 0.0000, 0.0000, 0.0000],
        [0.0200, 0.8800, 0.0000, 0.0700, 0.0000, 0.0000, 0.0000, 0.0000, 0.0000, 0.0000, 0.0000, 0.0400, 0.0000, 0.0000, 0.0000],
        [0.0300, 0.0200, 0.0000, 0.9400, 0.0000, 0.0000, 0.0000, 0.0000, 0.0000, 0.0000, 0.0000, 0.0000, 0.0000, 0.0000, 0.0000],
        [0.8600, 0.0200, 0.0000, 0.0800, 0.0000, 0.0000, 0.0000, 0.0000, 0.0000, 0.0000, 0.0000, 0.0000, 0.0000, 0.0400, 0.0000],
        [0.0600, 0.0000, 0.0000, 0.9300, 0.0000, 0.0000, 0.0000, 0.0000, 0.0000, 0.0000, 0.0000, 0.0000, 0.0000, 0.0000, 0.0000],
        [0.8300, 0.0200, 0.0000, 0.0100, 0.0000, 0.0000, 0.0000, 0.0000, 0.0000, 0.0000, 0.0000, 0.0800, 0.0000, 0.0600, 0.0000],
        [0.8000, 0.0000, 0.0000, 0.1600, 0.0000, 0.0000, 0.0000, 0.0000, 0.0000, 0.0000, 0.0000, 0.0000, 0.0000, 0.0300, 0.0000],
        [0.9300, 0.0000, 0.0000, 0.0300, 0.0000, 0.0000, 0.0000, 0.0000, 0.0000, 0.0000, 0.0000, 0.0000, 0.0000, 0.0300, 0.0000],
        [0.2200, 0.2000, 0.0000, 0.4700, 0.0000, 0.0000, 0.0000, 0.0000, 0.0000, 0.0000, 0.0000, 0.0900, 0.0000, 0.0200, 0.0000],
        [0.0900, 0.0000, 0.0000, 0.8900, 0.0000, 0.0000, 0.0000, 0.0000, 0.0000, 0.0000, 0.0000, 0.0000, 0.0000, 0.0100, 0.0000],
        [0.3800, 0.0500, 0.0000, 0.1800, 0.0000, 0.0000, 0.0000, 0.0000, 0.0000, 0.0000, 0.0000, 0.3500, 0.0000, 0.0300, 0.0000],
        [0.9600, 0.0000, 0.0000, 0.0100, 0.0000, 0.0000, 0.0000, 0.0000, 0.0000, 0.0000, 0.0000, 0.0000, 0.0000, 0.0300, 0.0000],
        [1.0000, 0.0000, 0.0000, 0.0000, 0.0000, 0.0000, 0.0000, 0.0000, 0.0000, 0.0000, 0.0000, 0.0000, 0.0000, 0.0000, 0.0000],
        [0.9600, 0.0000, 0.0000, 0.0000, 0.0000, 0.0000, 0.0000, 0.0000, 0.0000, 0.0000, 0.0000, 0.0000, 0.0000, 0.0400, 0.0000]], device='cuda:0'), None)